dim=16, degree=6, lambda=2, mu=2

0111111000000000
1011000111000000
1101000000111000
1110000000000111
1000011100100100
1000101010010010
1000110001001001
0100100011100100
0100010101010010
0100001110001001
0010100100011100
0010010010101010
0010001001110001
0001100100100011
0001010010010101
0001001001001110

0111111000000000
1011000111000000
1100100100110000
1100010010001100
1010001000101010
1001001000010101
1000110001000011
0110000001010110
0101000001101001
0100001110000011
0010100010011001
0010010100100101
0001100010100110
0001010100011010
0000101101001100
0000011011110000


TOTAL NUMBER OF STRONGLY REGULAR GRAPHS = 2

