dim=40, degree=12, lambda=2, mu=4

0111111111111000000000000000000000000000
1011000000000111111111000000000000000000
1100100000000100000000111111110000000000
1100010000000010000000110000001111110000
1010001000000001100000001000001110001110
1001001000000000011000000111000001001101
1000110000000000000111000000110000110011
1000000011000110000100100100001000001011
1000000100100001010010010100100100100100
1000000100010000101001010010011000010100
1000000010001100100010001010000011010001
1000000001001010010001001001100101000010
1000000000110001001100100001010010101000
0110000100100000000001000001000001111110
0101000100010000000010001000110010001101
0100100010001000010001010000011001001001
0100100001100000001100100000100101000101
0100010010010001000100101010000000010110
0100010001001000100010011100000000101010
0100001100001000110000000101101010010000
0100001010100010001000000011011100000010
0100001001010101000000000110000110100001
0011000100001000110000000010010100100011
0011000011000001001000000001100010010011
0010100000110010011000000100001000110001
0010010110000000001101001000010111000000
0010010001100000010011100000101010001000
0010010000011100000110010000001100000101
0010001010010010100100010010000001101000
0010001001001011000010100100000001010100
0001100101000001000110001011000001100000
0001100010010000100011100101000000011000
0001100000101010000101010110000000000110
0001010000110101100000000100111000000010
0001001010001100001001101000101000000100
0001001001100100010100011000010100001000
0000110100001111001000000010100100010000
0000110011000110110000000001010010100000
0000101100010100011010110000000011000000
0000011100100011100001111001000000000000

0111111111111000000000000000000000000000
1011000000000111111111000000000000000000
1101000000000000000000111111111000000000
1110000000000000000000000000000111111111
1000011000000111000000111000000111000000
1000101000000000111000000111000000111000
1000110000000000000111000000111000000111
1000000011000100100100100100100100100100
1000000100100100010010010010010010010010
1000000100010010010001010100001001001001
1000000010001010001100001001001100001010
1000000001001001001010001010100010100001
1000000000110001100001100001010001010100
0100100110000000001001001011000001000101
0100100001100000100010100101000010000011
0100100000011000010100010110000100000110
0100010100001010000010000010110101001000
0100010011000001000001000001101110010000
0100010000110100000100000100011011100000
0100001100100001001000110000100000011001
0100001010010010100000011000001000110100
0100001001001100010000101000010000101010
0010100100001010000101000010001010110000
0010100011000001000110000001010001101000
0010100000110100000011000100100100011000
0010010101000011001000001000010000010110
0010010010010101100000100000001000001011
0010010000101110010000010000100000100101
0010001100010000110100001001000011000010
0010001010001000101001010100000110000001
0010001001100000011010100010000101000100
0001100100100001110000001000011000100001
0001100010010010011000100000110000001100
0001100001001100101000010000101000010010
0001010100010000001011110001000100000010
0001010010001000010110101100000001000001
0001010001100000100101011010000010000100
0001001100001101000010000101001010001000
0001001010100011000001000110100001100000
0001001001010110000100000011010100010000

0111111111111000000000000000000000000000
1011000000000111111111000000000000000000
1101000000000000000000111111111000000000
1110000000000000000000000000000111111111
1000011000000111000000111000000111000000
1000101000000000111000000111000000111000
1000110000000000000111000000111000000111
1000000011000100100100100100100100100100
1000000100100100010010010010010010010010
1000000100010010010001010100001001001001
1000000010001010001100001001001100001010
1000000001001001001010001010100010100001
1000000000110001100001100001010001010100
0100100110000000001001001011000001000101
0100100001100000110000101000010000100011
0100100000011000010100010110000100000110
0100010100001010000010000010110101001000
0100010011000011000000000001101010010100
0100010000110100000100000100011011100000
0100001100100001001000110000100000011001
0100001010010000100001011000001100110000
0100001001001100000010100101000010001010
0010100100001010000101000010001010110000
0010100011000001000110000001010001101000
0010100000110110000010000100100000011100
0010010101000001001001001000010100010010
0010010010010101100000100000001000001011
0010010000101100010001010000100100100001
0010001100010000110100001001000011000010
0010001010001010101000010100000010000101
0010001001100000011010100010000101000100
0001100100100001100010000101001010000001
0001100010010000011001100000110100001000
0001100001001100101000010000101000010010
0001010100010010001010110001000000000110
0001010010001000010110101100000001000001
0001010001100000100101011010000010000100
0001001100001101010000001000011000101000
0001001010100011000001000110100001100000
0001001001010110000100000011010100010000

0111111111111000000000000000000000000000
1011000000000111111111000000000000000000
1101000000000000000000111111111000000000
1110000000000000000000000000000111111111
1000011000000111000000111000000111000000
1000101000000000111000000111000000111000
1000110000000000000111000000111000000111
1000000011000100100100100100100100100100
1000000100100100010010010010010010010010
1000000100010010010001010100001001001001
1000000010001010001100001001001100001010
1000000001001001001010001010100010100001
1000000000110001100001100001010001010100
0100100110000001001000000001101001010001
0100100001100000100010100101000010000011
0100100000011100000100010100010000101010
0100010100001010000010000010110101001000
0100010011000000000101001001010011100000
0100010000110100000001000110001110000100
0100001100100001010000101010000000001101
0100001010010010100000011000001000110100
0100001001001000011000110000100100010010
0010100100001010000101000010001010110000
0010100011000001000011000011000100001100
0010100000110000010110000100100101010000
0010010101000011001000001000010000010110
0010010010010000101100110000000001000011
0010010000101110010000010000100000100101
0010001100010100100001001001000010001010
0010001010001001110000000100001110000001
0010001001100100001010100000010001101000
0001100100100000101001011000010000100001
0001100010010010011000100000110000001100
0001100001001100110000001010001000000110
0001010100010001010010100001001100000010
0001010010001100000011101100000000001001
0001010001100001100100010000101010010000
0001001100001000001110010101000011000000
0001001010100011000001000110100001100000
0001001001010110000100000011010100010000

0111111111111000000000000000000000000000
1011000000000111111111000000000000000000
1101000000000000000000111111111000000000
1110000000000000000000000000000111111111
1000011000000111000000111000000111000000
1000101000000000111000000111000000111000
1000110000000000000111000000111000000111
1000000011000100100100100100100100100100
1000000100100100010010010010010010010010
1000000100010010100010010001001001001001
1000000010001010001001001001100100010001
1000000001001001010001001100010010001100
1000000000110001001100100010001001100010
0100100110000000001001001000011001101000
0100100001100000010100100000101010011000
0100100000011000100010010000110100110000
0100010101000001000001101010000000010011
0100010010010010000100011001000000100110
0100010000101100000010110100000000001101
0100001100001010010000000110010101000001
0100001011000001001000000101001110000010
0100001000110100100000000011100011000100
0010100100001010101000000001010010000110
0010100011000001011000000010100001000101
0010100000110100110000000100001100000011
0010010100010000001110001000100011010000
0010010010001000100101010000001110001000
0010010001100000010011100000010101100000
0010001100100011000001010100000000101010
0010001010010101000100100001000000011001
0010001001001110000010001010000000110100
0001100100100001000110001011000000001100
0001100010010010000011100110000000100001
0001100001001100000101010101000000010010
0001010100001101010000000001101010000001
0001010010100011100000000100011001000100
0001010001010110001000000010110100000010
0001001100010000011001110000001100010000
0001001010001000110010101000100001001000
0001001001100000101100011000010010100000

0111111111111000000000000000000000000000
1011000000000111111111000000000000000000
1101000000000000000000111111111000000000
1110000000000000000000000000000111111111
1000011000000111000000111000000111000000
1000101000000000111000000111000000111000
1000110000000000000111000000111000000111
1000000011000100100100100100100100100100
1000000101000010010010010010010010010010
1000000110000001001001001001001001001001
1000000000011100010001010001100001100010
1000000000101010001100001100010100010001
1000000000110001100010100010001010001100
0100100100100000001010001101000010000110
0100100010010000100001100110000001000011
0100100001001000010100010011000100000101
0100010100001010000001000001101110010000
0100010010100001000100000100110011001000
0100010001010100000010000010011101100000
0100001100010001010000101000001000110010
0100001010001100001000110000100000011001
0100001001100010100000011000010000101100
0010100100001010000110000001010001101000
0010100010100001000011000100001100110000
0010100001010100000101000010100010011000
0010010100010110010000010000001000001101
0010010010001011001000001000100000100110
0010010001100101100000100000010000010011
0010001100100000110010001010000101000001
0010001010010000011001100001000110000100
0010001001001000101100010100000011000010
0001100100010001101000010000110000001010
0001100010001100110000001000011000100001
0001100001100010011000100000101000010100
0001010100100000001101110010000010000001
0001010010010000100110011001000001000100
0001010001001000010011101100000100000010
0001001100001101000001000110010001010000
0001001010100110000100000011001100001000
0001001001010011000010000101100010100000

0111111111111000000000000000000000000000
1011000000000111111111000000000000000000
1101000000000000000000111111111000000000
1110000000000000000000000000000111111111
1000011000000111000000111000000111000000
1000101000000000111000000111000000111000
1000110000000000000111000000111000000111
1000000011000100100100100100100100100100
1000000101000010010010010010010010010010
1000000110000001001001001001001001001001
1000000000011100010001010001100001100010
1000000000101010001100001100010100010001
1000000000110001100010100010001010001100
0100100100100010001000000101001010000110
0100100010010100000001100010100000011001
0100100001001000010100010011000100000101
0100010100001000000011001001100110010000
0100010010100001000100000100110011001000
0100010001010100000010000010011101100000
0100001100010001010000101000001000110010
0100001010001000101000110100000001000011
0100001001100010100000011000010000101100
0010100100001010000110000001010001101000
0010100010100001000011000100001100110000
0010100001010000100101000110000011000010
0010010100010100010010011000000000001101
0010010010001011001000001000100000100110
0010010001100101100000100000010000010011
0010001100100010110000000010001101000001
0010001010010000011001100001000110000100
0010001001001100001100010000100010011000
0001100100010001101000010000110000001010
0001100010001100110000001000011000100001
0001100001100000011010101000100000010100
0001010100100000001101110010000010000001
0001010010010010100100010001001001000100
0001010001001010010001100100001100000010
0001001100001101000001000110010001010000
0001001010100100000110001011000100001000
0001001001010011000010000101100010100000

0111111111111000000000000000000000000000
1011000000000111111111000000000000000000
1101000000000000000000111111111000000000
1110000000000000000000000000000111111111
1000011000000111000000111000000111000000
1000101000000000111000000111000000111000
1000110000000000000111000000111000000111
1000000011000100100100100100100100100100
1000000101000010010010010010010010010010
1000000110000001001001001001001001001001
1000000000011100010001010001100001100010
1000000000101010001100001100010100010001
1000000000110001100010100010001010001100
0100100100100010001000000101001010000110
0100100010010100000001100010100000011001
0100100001001000100100010011000100000011
0100010100001001000001000100110011010000
0100010010100000000110001001100110001000
0100010001010100000010000010011101100000
0100001100010001010000101000001000110010
0100001010001000011000110100000001000101
0100001001100010100000011000010000101100
0010100100001010000110000001010001101000
0010100010100001000011000100001100110000
0010100001010000010101000110000011000100
0010010100010100100010011000000000001011
0010010010001011001000001000100000100110
0010010001100101010000100000010000010101
0010001100100010110000000010001101000001
0010001010010000101001100001000110000010
0010001001001100001100010000100010011000
0001100100010001011000010000110000001100
0001100010001100110000001000011000100001
0001100001100000101010101000100000010010
0001010100100000001101110010000010000001
0001010010010010100100010001001001000100
0001010001001010010001100100001100000010
0001001100001100000011001011000100010000
0001001010100101000100000110010001001000
0001001001010011000010000101100010100000

0111111111111000000000000000000000000000
1011000000000111111111000000000000000000
1101000000000000000000111111111000000000
1110000000000000000000000000000111111111
1000011000000111000000111000000111000000
1000101000000000111000000111000000111000
1000110000000000000111000000111000000111
1000000011000100100100100100100100100100
1000000101000010010010010010010010010010
1000000110000001001001001001001001001001
1000000000011100010001010001100001100010
1000000000101010001100001100010100010001
1000000000110001100010100010001010001100
0100100100100010001000000101001010000110
0100100010010100000001100010100000011001
0100100001001000100100010110000001000011
0100010100001001000001000001110110010000
0100010010100000000110001100100011001000
0100010001010100000010000010011101100000
0100001100010001010000101000001000110010
0100001010001000011000110001000100000101
0100001001100010100000011000010000101100
0010100100001010000110000001010001101000
0010100010100001000011000100001100110000
0010100001010000010101000011000110000100
0010010100010101010000010000010000001101
0010010010001011001000001000100000100110
0010010001100100100010101000000000010011
0010001100100010110000000010001101000001
0010001010010000101001100100000011000010
0010001001001100001100010000100010011000
0001100100010000101010011000100000001010
0001100010001100110000001000011000100001
0001100001100001011000100000110000010100
0001010100100000001101110010000010000001
0001010010010010100100010001001001000100
0001010001001010010001100100001100000010
0001001100001100000011001110000001010000
0001001010100101000100000011010100001000
0001001001010011000010000101100010100000

0111111111111000000000000000000000000000
1011000000000111111111000000000000000000
1101000000000000000000111111111000000000
1110000000000000000000000000000111111111
1000011000000111000000111000000111000000
1000101000000000111000000111000000111000
1000110000000000000111000000111000000111
1000000011000100100100100100100100100100
1000000101000010010010010010010010010010
1000000110000001001001001001001001001001
1000000000011100010001010001100001100010
1000000000101010001100001100010100010001
1000000000110001100010100010001010001100
0100100100100010100000001001010000001110
0100100010010100000010000110001001100001
0100100001001000010100010011000100000101
0100010100001100001000010000101010010001
0100010010100001000100000100110011001000
0100010001010000100001100010010101000010
0100001100010001010000101000001000110010
0100001010001010000001100001100100011000
0100001001100000001010011100000010100100
0010100100001000001110010000010001101000
0010100010100001100001100100000000010011
0010100001010100000101000010100010011000
0010010100010010010001010000001100001100
0010010010001011001000001000100000100110
0010010001100101000010000000011100110000
0010001100100000110010001010000101000001
0010001010010100011000100001000010000101
0010001001001010100100000101000011000010
0001100100010001001010000101100010000010
0001100010001000110001001000011100100000
0001100001100010011000100000101000010100
0001010100100010000101100011000010000001
0001010010010000100110011001000001000100
0001010001001100010010101100000000000011
0001001100001101000001000110010001010000
0001001010100100001100010010001100001000
0001001001010011100000010000110000101000

0111111111111000000000000000000000000000
1011000000000111111111000000000000000000
1101000000000000000000111111111000000000
1110000000000000000000000000000111111111
1000011000000111000000111000000111000000
1000101000000000111000000111000000111000
1000110000000000000111000000111000000111
1000000011000100100100100100100100100100
1000000101000010010010010010010010010010
1000000110000001001001001001001001001001
1000000000011100010001010001100001100010
1000000000101010001100001100010100010001
1000000000110001100010100010001010001100
0100100100100010100000001001010000001110
0100100010010100000010000110001001100001
0100100001001000010100010011000100000101
0100010100001100001000010000101010010001
0100010010100001000100000100110011001000
0100010001010000100001100010010101000010
0100001100010001010000101000001000110010
0100001010001010000001100001100100011000
0100001001100000001010011100000010100100
0010100100001000001110010100000001001010
0010100010100001100001100000010000110001
0010100001010100000101000010100010011000
0010010100010010010001100001000010000101
0010010010001011001000001000100000100110
0010010001100101000010000100001100010010
0010001100100000110010001010000101000001
0010001010010100011000010000001100001100
0010001001001010100100000001010011100000
0001100100010001001010000001110010100000
0001100010001000110001001100001100000010
0001100001100010011000100000101000010100
0001010100100010000101010010001100001000
0001010010010000100110011001000001000100
0001010001001100010010101000010000100001
0001001100001101000001000110010001010000
0001001010100100001100100011000010000001
0001001001010011100000010100100000001010

0111111111111000000000000000000000000000
1011000000000111111111000000000000000000
1101000000000000000000111111111000000000
1110000000000000000000000000000111111111
1000011000000111000000111000000111000000
1000101000000000111000000111000000111000
1000110000000000000111000000111000000111
1000000011000111000000000111000000000111
1000000101000000111000000000111111000000
1000000110000000000111111000000000111000
1000000000011111000000000000111000111000
1000000000101000111000111000000000000111
1000000000110000000111000111000111000000
0100100100100000100100100100100100100100
0100100100100000010010010010010010010010
0100100100100000001001001001001001001001
0100010010010100000010100010001001010001
0100010010010010000001010001100100001100
0100010010010001000100001100010010100010
0100001001001100001000010010001010001100
0100001001001010100000001001100001100010
0100001001001001010000100100010100010001
0010100001010100100001000001010010001010
0010100001010010010100000100001001100001
0010100001010001001010000010100100010100
0010010100001100001001010000100001010010
0010010100001010100100001000010100001001
0010010100001001010010100000001010100100
0010001010100100010010001100000010001001
0010001010100010001001100010000001100100
0010001010100001100100010001000100010010
0001100010001100010001001010001000100010
0001100010001010001100100001100000010001
0001100010001001100010010100010000001100
0001010001100100001010010001010100000001
0001010001100010100001001100001010000100
0001010001100001010100100010100001000010
0001001100010100010100001001010001010000
0001001100010010001010100100001100001000
0001001100010001100001010010100010100000

0111111111111000000000000000000000000000
1011000000000111111111000000000000000000
1101000000000000000000111111111000000000
1110000000000000000000000000000111111111
1000011000000111000000111000000111000000
1000101000000000111000000111000000111000
1000110000000000000111000000111000000111
1000000011000111000000000111000000000111
1000000101000000111000000000111111000000
1000000110000000000111111000000000111000
1000000000011111000000000000111000111000
1000000000101000111000111000000000000111
1000000000110000000111000111000111000000
0100100100100000100100100100100100100100
0100100100100000010010010010010010010010
0100100100100000001001001001001001001001
0100010010010100000010100010001001010001
0100010010010010000001010001100100001100
0100010010010001000100001100010010100010
0100001001001100001000010010100001001010
0100001001001010100000001001010100100001
0100001001001001010000100100001010010100
0010100001010100100001000001010010001010
0010100001010010010100000100001001100001
0010100001010001001010000010100100010100
0010010100001100001001010000010100010001
0010010100001010100100001000001010001100
0010010100001001010010100000100001100010
0010001010100100010100001001000010010001
0010001010100010001010100100000001001100
0010001010100001100001010010000100100010
0001100010001100010010001100001000001010
0001100010001010001001100010100000100001
0001100010001001100100010001010000010100
0001010001100100001010010001001010000100
0001010001100010100001001100100001000010
0001010001100001010100100010010100000001
0001001100010100010001001010010001100000
0001001100010010001100100001001100010000
0001001100010001100010010100100010001000

0111111111111000000000000000000000000000
1011000000000111111111000000000000000000
1101000000000000000000111111111000000000
1110000000000000000000000000000111111111
1000011000000111000000111000000111000000
1000101000000000111000000111000000111000
1000110000000000000111000000111000000111
1000000011000111000000000111000000000111
1000000101000000111000000000111111000000
1000000110000000000111111000000000111000
1000000000011111000000000000111000111000
1000000000101000111000111000000000000111
1000000000110000000111000111000111000000
0100100100100000100100100100100100100100
0100100100100000010010010010010010010010
0100100100100000001001001001001001001001
0100010010010100000100010010001010001001
0100010010010010000001001100100001100010
0100010010010001000010100001010100010100
0100001001001100100000001001010001010010
0100001001001010001000010100001100100001
0100001001001001010000100010100010001100
0010100001010100001001000100001010010010
0010100001010010100010000001100001001100
0010100001010001010100000010010100100001
0010010100001100010010100000010001001001
0010010100001010100001001000001100010100
0010010100001001001100010000100010100010
0010001010100100010001010001000100010001
0010001010100010001100001100000010001100
0010001010100001100010100010000001100010
0001100010001100001010001010100000001010
0001100010001010100001100001010000100001
0001100010001001010100010100001000010100
0001010001100100010010001001001010000100
0001010001100010001100100010100001000001
0001010001100001100001010100010100000010
0001001100010100001001010010010001100000
0001001100010010010100100001001100001000
0001001100010001100010001100100010010000

0111111111111000000000000000000000000000
1011000000000111111111000000000000000000
1101000000000000000000111111111000000000
1110000000000000000000000000000111111111
1000011000000111000000111000000111000000
1000101000000000111000000111000000111000
1000110000000000000111000000111000000111
1000000011000111000000000111000000000111
1000000101000000111000000000111111000000
1000000110000000000111111000000000111000
1000000000011111000000000000111000111000
1000000000101000111000111000000000000111
1000000000110000000111000111000111000000
0100100100100000100100100100100100100100
0100100100100000010010010010010010010010
0100100100100000001001001001001001001001
0100010010010100000100010010001010001001
0100010010010010000001100001100001100010
0100010010010001000010001100010100010100
0100001001001100100000001001010001010010
0100001001001010001000100010100100001001
0100001001001001010000010100001010100100
0010100001010100010010000100001001010001
0010100001010010100001000001010100001100
0010100001010001001100000010100010100010
0010010100001100001001100000010010001010
0010010100001010100010001000001001100100
0010010100001001010100010000100100010001
0010001010100100010010001001000010001100
0010001010100010001100010100000001100001
0010001010100001100001100010000100010010
0001100010001100001010010001001000100010
0001100010001010100001001100100000010001
0001100010001001010100100010010000001100
0001010001100100010001001010010100000001
0001010001100010001100100001001010000100
0001010001100001100010010100100001000010
0001001100010100001001010010100001010000
0001001100010010010100001100001100001000
0001001100010001100010100001010010100000

0111111111111000000000000000000000000000
1011000000000111111111000000000000000000
1101000000000000000000111111111000000000
1110000000000000000000000000000111111111
1000011000000111000000111000000111000000
1000101000000000111000000111000000111000
1000110000000000000111000000111000000111
1000000011000111000000000111000000000111
1000000101000000111000000000111111000000
1000000110000000000111111000000000111000
1000000000011111000000000000111000111000
1000000000101000111000111000000000000111
1000000000110000000111000111000111000000
0100100100100000100100100100100100100100
0100100100100000010010010010010010010010
0100100100100000001001001001001001001001
0100010010010100000100010010001010001001
0100010010010010000001100001100001100010
0100010010010001000010001100010100010100
0100001001001100100000001001010001010010
0100001001001010001000100100001010100001
0100001001001001010000010010100100001100
0010100001010100010010000001010100001001
0010100001010010100001000100001001010100
0010100001010001001100000010100010100010
0010010100001100001010010000100001001010
0010010100001010100001001000010100100001
0010010100001001010100100000001010010100
0010001010100100010001001100000010010001
0010001010100010001100100010000001001100
0010001010100001100010010001000100100010
0001100010001100001001100010001000010010
0001100010001010100010001001100000001100
0001100010001001010100010100010000100001
0001010001100100010010001010001001000100
0001010001100010001100010001100100000001
0001010001100001100001100100010010000010
0001001100010100001001010001010010100000
0001001100010010010100001100001100001000
0001001100010001100010100010100001010000

0111111111111000000000000000000000000000
1011000000000111111111000000000000000000
1101000000000000000000111111111000000000
1110000000000000000000000000000111111111
1000011000000111000000111000000111000000
1000101000000000111000000111000000111000
1000110000000000000111000000111000000111
1000000011000111000000000111000000000111
1000000101000000111000000000111111000000
1000000110000000000111111000000000111000
1000000000011111000000000000111000111000
1000000000101000111000111000000000000111
1000000000110000000111000111000111000000
0100100100100000100100100100100100100100
0100100100100000010010010010010010010010
0100100100100000001001001001001001001001
0100010010010100000100010010001010001001
0100010010010010000010001001100001100100
0100010010010001000001100100010100010010
0100001001001100100000001001010001010010
0100001001001010010000100100001100001001
0100001001001001001000010010100010100100
0010100001010100001010000001010010100001
0010100001010010100001000100001001010100
0010100001010001010100000010100100001010
0010010100001100001010010000100001001010
0010010100001010100001001000010100100001
0010010100001001010100100000001010010100
0010001010100100010001001100000010010001
0010001010100010001100100010000001001100
0010001010100001100010010001000100100010
0001100010001100001010001010001000010100
0001100010001010100001100001100000001010
0001100010001001010100010100010000100001
0001010001100100010001100010001001000010
0001010001100010001100010001100100000001
0001010001100001100010001100010010000100
0001001100010100010001010001010100001000
0001001100010010001100001100001010100000
0001001100010001100010100010100001010000

0111111111111000000000000000000000000000
1011000000000111111111000000000000000000
1101000000000000000000111111111000000000
1110000000000000000000000000000111111111
1000011000000111000000111000000111000000
1000101000000000111000000111000000111000
1000110000000000000111000000111000000111
1000000011000111000000000111000000000111
1000000101000000111000000000111111000000
1000000110000000000111111000000000111000
1000000000011111000000000000111000111000
1000000000101000111000111000000000000111
1000000000110000000111000111000111000000
0100100100100000100100100100100100100100
0100100100100000010010010010010010010010
0100100100100000001001001001001001001001
0100010010010100000100010010001010001001
0100010010010010000010001001100001100100
0100010010010001000001100100010100010010
0100001001001100100000001001010001010010
0100001001001010010000100100001100001001
0100001001001001001000010010100010100100
0010100001010100001010000010001001100010
0010100001010010100001000001100100010001
0010100001010001010100000100010010001100
0010010100001100001010001000100010010001
0010010100001010100001100000010001001100
0010010100001001010100010000001100100010
0010001010100100010001010100000001001010
0010001010100010001100001010000100100001
0010001010100001100010100001000010010100
0001100010001100001010010001010000001100
0001100010001010100001001100001000100010
0001100010001001010100100010100000010001
0001010001100100010001100001010010000001
0001010001100010001100010100001001000100
0001010001100001100010001010100100000010
0001001100010100010001001010001100010000
0001001100010010001100100001100010001000
0001001100010001100010010100010001100000

0111111111111000000000000000000000000000
1011000000000111111111000000000000000000
1101000000000000000000111111111000000000
1110000000000000000000000000000111111111
1000011000000111000000111000000111000000
1000101000000000111000000111000000111000
1000110000000000000111000000111000000111
1000000011000111000000000111000000000111
1000000101000000111000000000111111000000
1000000110000000000111111000000000111000
1000000000011111000000000000111000111000
1000000000101000111000111000000000000111
1000000000110000000111000111000111000000
0100100100100000100100100100100100100100
0100100100100000010010010010010010010010
0100100100100000001001001001001001001001
0100010010010100000100010010001010001001
0100010010010010000010001001100001100100
0100010010010001000001100100010100010010
0100001001001100100000001001010001010010
0100001001001010010000100100001100001001
0100001001001001001000010010100010100100
0010100001010100001010000010100001001010
0010100001010010100001000001010100100001
0010100001010001010100000100001010010100
0010010100001100001010001000010010100001
0010010100001010100001100000001001010100
0010010100001001010100010000100100001010
0010001010100100010001100001000010010001
0010001010100010001100010100000001001100
0010001010100001100010001010000100100010
0001100010001100001010010001001000010100
0001100010001010100001001100100000001010
0001100010001001010100100010010000100001
0001010001100100010001010100001001000010
0001010001100010001100001010100100000001
0001010001100001100010100001010010000100
0001001100010100010001001010010100001000
0001001100010010001100100001001010100000
0001001100010001100010010100100001010000

0111111111111000000000000000000000000000
1011000000000111111111000000000000000000
1101000000000000000000111111111000000000
1110000000000000000000000000000111111111
1000011000000111000000111000000111000000
1000101000000000111000000111000000111000
1000110000000000000111000000111000000111
1000000011000111000000000111000000000111
1000000101000000111000000000111111000000
1000000110000000000111111000000000111000
1000000000011111000000000000111000111000
1000000000101000111000111000000000000111
1000000000110000000111000111000111000000
0100100100100000100100100100100100100100
0100100100100000010010010010010010010010
0100100100100000001001001001001001001001
0100010010010100000100010010001010001001
0100010010010010000010001001100001100100
0100010010010001000001100100010100010010
0100001001001100100000001001010001010010
0100001001001010010000100100001100001001
0100001001001001001000010010100010100100
0010100001010100001010000010100001010001
0010100001010010100001000001001100100010
0010100001010001010100000100010010001100
0010010100001100001010001000001010100010
0010010100001010100001100000010001001100
0010010100001001010100010000100100010001
0010001010100100010001100001000010001010
0010001010100010001100001010000100100001
0010001010100001100010010100000001010100
0001100010001100001010010001010000001100
0001100010001010100001001100100000010001
0001100010001001010100100010001000100010
0001010001100100010001010100010001000001
0001010001100010001100100001001010000100
0001010001100001100010001010100100000010
0001001100010100010001001010001100010000
0001001100010010001100010100100001001000
0001001100010001100010100001010010100000

0111111111111000000000000000000000000000
1011000000000111111111000000000000000000
1101000000000000000000111111111000000000
1110000000000000000000000000000111111111
1000011000000111000000111000000111000000
1000101000000000111000000111000000111000
1000110000000000000111000000111000000111
1000000011000111000000000111000000000111
1000000101000000111000000000111111000000
1000000110000000000111111000000000111000
1000000000011111000000000000111000111000
1000000000101000111000111000000000000111
1000000000110000000111000111000111000000
0100100100100000100100100100100100100100
0100100100100000010010010010010010010010
0100100100100000001001001001001001001001
0100010010010100000100010010001010001001
0100010010010010000010001001100001100100
0100010010010001000001100100010100010010
0100001001001100100000001001010001010010
0100001001001010010000100100001100001001
0100001001001001001000010010100010100100
0010100001010100001010000010100001010001
0010100001010010100001000001010100001100
0010100001010001010100000100001010100010
0010010100001100001010001000010010001100
0010010100001010100001100000001001100010
0010010100001001010100010000100100010001
0010001010100100010001100001000010001010
0010001010100010001100010100000001100001
0010001010100001100010001010000100010100
0001100010001100001010010001001000100010
0001100010001010100001001100100000010001
0001100010001001010100100010010000001100
0001010001100100010001001010010100000001
0001010001100010001100100001001010000100
0001010001100001100010010100100001000010
0001001100010100010001010100001001010000
0001001100010010001100001010100100001000
0001001100010001100010100001010010100000

0111111111111000000000000000000000000000
1011000000000111111111000000000000000000
1101000000000000000000111111111000000000
1110000000000000000000000000000111111111
1000011000000111000000111000000111000000
1000101000000000111000000111000000111000
1000110000000000000111000000111000000111
1000000011000111000000000111000000000111
1000000101000000111000000000111111000000
1000000110000000000111111000000000111000
1000000000011111000000000000111000111000
1000000000101000111000111000000000000111
1000000000110000000111000111000111000000
0100100100100000100100100100100100100100
0100100100100000010010010010010010010010
0100100100100000001001001001001001001001
0100010010010100000100010010010001001001
0100010010010010000001100001001100100010
0100010010010001000010001100100010010100
0100001001001100100000001001001010010010
0100001001001010001000100010100100001001
0100001001001001010000010100010001100100
0010100001010100010010000100001001010001
0010100001010010100001000001100010001100
0010100001010001001100000010010100100010
0010010100001100001001100000010010001010
0010010100001010100010001000001001100100
0010010100001001010100010000100100010001
0010001010100100001010010001000001100010
0010001010100010100001001100000100010001
0010001010100001010100100010000010001100
0001100010001100010010001001010000001100
0001100010001010001100010100001000100001
0001100010001001100001100010100000010010
0001010001100100010001001010100010000001
0001010001100010001100100001010001000100
0001010001100001100010010100001100000010
0001001100010100001001010010001100010000
0001001100010010010100001100100001001000
0001001100010001100010100001010010100000

0111111111111000000000000000000000000000
1011000000000111111111000000000000000000
1101000000000000000000111111111000000000
1110000000000000000000000000000111111111
1000011000000111000000111000000111000000
1000101000000000111000000111000000111000
1000110000000000000111000000111000000111
1000000011000111000000000111000000000111
1000000101000000111000000000111111000000
1000000110000000000111111000000000111000
1000000000011111000000000000111000111000
1000000000101000111000111000000000000111
1000000000110000000111000111000111000000
0100100100100000100100100100100100100100
0100100100100000010010010010010010010010
0100100100100000001001001001001001001001
0100010010010100000100010010010001001001
0100010010010010000001100001001100100010
0100010010010001000010001100100010010100
0100001001001100100000001001001010010010
0100001001001010001000100100010001100001
0100001001001001010000010010100100001100
0010100001010100010010000001100010001001
0010100001010010100001000100001001010100
0010100001010001001100000010010100100010
0010010100001100001010010000001100001010
0010010100001010100001001000100010100001
0010010100001001010100100000010001010100
0010001010100100001001100010000001010010
0010001010100010100010001001000100001100
0010001010100001010100010100000010100001
0001100010001100010001001100010000010001
0001100010001010001100100010001000001100
0001100010001001100010010001100000100010
0001010001100100010010001010001001000100
0001010001100010001100010001100100000001
0001010001100001100001100100010010000010
0001001100010100001001010001010010100000
0001001100010010010100001100100001001000
0001001100010001100010100010001100010000

0111111111111000000000000000000000000000
1011000000000111111111000000000000000000
1101000000000000000000111111111000000000
1110000000000000000000000000000111111111
1000011000000111000000111000000111000000
1000101000000000111000000111000000111000
1000110000000000000111000000111000000111
1000000011000111000000000111000000000111
1000000101000000111000000000111111000000
1000000110000000000111111000000000111000
1000000000011111000000000000111000111000
1000000000101000111000111000000000000111
1000000000110000000111000111000111000000
0100100100100000100100100100100100100100
0100100100100000010010010010010010010010
0100100100100000001001001001001001001001
0100010010010100000100010010010001001001
0100010010010010000001100001001100100010
0100010010010001000010001100100010010100
0100001001001100100000001001001010010010
0100001001001010001000100100010100001001
0100001001001001010000010010100001100100
0010100001010100010010000001100001010001
0010100001010010100001000100001010001100
0010100001010001001100000010010100100010
0010010100001100001010010000001001100010
0010010100001010100001001000100100010001
0010010100001001010100100000010010001100
0010001010100100001001100010000010001010
0010001010100010100010001001000001100100
0010001010100001010100010100000100010001
0001100010001100010010001010001000001100
0001100010001010001100010001100000100001
0001100010001001100001100100010000010010
0001010001100100010001001100010010000001
0001010001100010001100100010001001000100
0001010001100001100010010001100100000010
0001001100010100001001010001010100010000
0001001100010010010100001100100001001000
0001001100010001100010100010001010100000

0111111111111000000000000000000000000000
1011000000000111111111000000000000000000
1101000000000000000000111111111000000000
1110000000000000000000000000000111111111
1000011000000111000000111000000111000000
1000101000000000111000000111000000111000
1000110000000000000111000000111000000111
1000000011000111000000000111000000000111
1000000101000000111000000000111111000000
1000000110000000000111111000000000111000
1000000000011111000000000000111000111000
1000000000101000111000111000000000000111
1000000000110000000111000111000111000000
0100100100100000100100100100100100100100
0100100100100000010010010010010010010010
0100100100100000001001001001001001001001
0100010010010100000100010010010001001001
0100010010010010000010001001001100100100
0100010010010001000001100100100010010010
0100001001001100100000001001001010010010
0100001001001010010000100100100001001001
0100001001001001001000010010010100100100
0010100001010100001010000001010010100001
0010100001010010100001000100001001010100
0010100001010001010100000010100100001010
0010010100001100001010010000001100001010
0010010100001010100001001000100010100001
0010010100001001010100100000010001010100
0010001010100100001010001010000001010100
0010001010100010100001100001000100001010
0010001010100001010100010100000010100001
0001100010001100010001001100010000010001
0001100010001010001100100010001000001100
0001100010001001100010010001100000100010
0001010001100100010001100010001001000010
0001010001100010001100010001100100000001
0001010001100001100010001100010010000100
0001001100010100010001010001100010001000
0001001100010010001100001100010001100000
0001001100010001100010100010001100010000

0111111111111000000000000000000000000000
1011000000000111111111000000000000000000
1101000000000000000000111111111000000000
1110000000000000000000000000000111111111
1000011000000111000000111000000111000000
1000101000000000111000000111000000111000
1000110000000000000111000000111000000111
1000000011000111000000000111000000000111
1000000101000000111000000000111111000000
1000000110000000000111111000000000111000
1000000000011111000000000000111000111000
1000000000101000111000111000000000000111
1000000000110000000111000111000111000000
0100100100100000100100100100100100100100
0100100100100000010010010010010010010010
0100100100100000001001001001001001001001
0100010010010100000100010010010001001001
0100010010010010000010001001001100100100
0100010010010001000001100100100010010010
0100001001001100100000001001001010010010
0100001001001010010000100100100001001001
0100001001001001001000010010010100100100
0010100001010100001010000001010100001010
0010100001010010100001000100001010100001
0010100001010001010100000010100001010100
0010010100001100001010010000001001010100
0010010100001010100001001000100100001010
0010010100001001010100100000010010100001
0010001010100100001010001010000010100001
0010001010100010100001100001000001010100
0010001010100001010100010100000100001010
0001100010001100010001100010001000010001
0001100010001010001100010001100000001100
0001100010001001100010001100010000100010
0001010001100100010001010001100001000010
0001010001100010001100001100010100000001
0001010001100001100010100010001010000100
0001001100010100010001001100010010001000
0001001100010010001100100010001001100000
0001001100010001100010010001100100010000

0111111111111000000000000000000000000000
1011000000000111111111000000000000000000
1101000000000000000000111111111000000000
1110000000000000000000000000000111111111
1000011000000111000000111000000111000000
1000101000000000111000000111000000111000
1000110000000000000111000000111000000111
1000000011000111000000000111000000000111
1000000101000000111000000000111111000000
1000000110000000000111111000000000111000
1000000000011111000000000000111000111000
1000000000101000111000111000000000000111
1000000000110000000111000111000111000000
0100100100100000100100100100100100100100
0100100100100000010010010010010010010010
0100100100100000001001001001001001001001
0100010010010100000100010010010001001001
0100010010010010000010001001001100100100
0100010010010001000001100100100010010010
0100001001001100100000001001001010010010
0100001001001010010000100100100001001001
0100001001001001001000010010010100100100
0010100001010100001010000010001100010001
0010100001010010100001000001100001100010
0010100001010001010100000100010010001100
0010010100001100001010001000010001100010
0010010100001010100001100000001010001100
0010010100001001010100010000100100010001
0010001010100100001010010001000010001100
0010001010100010100001001100000100010001
0010001010100001010100100010000001100010
0001100010001100010001100001010000001010
0001100010001010001100001010100000100001
0001100010001001100010010100001000010100
0001010001100100010001010100001010000001
0001010001100010001100100001010001000100
0001010001100001100010001010100100000010
0001001100010100010001001010100001010000
0001001100010010001100010100001100001000
0001001100010001100010100001010010100000

0111111111111000000000000000000000000000
1011000000000111111111000000000000000000
1101000000000000000000111111111000000000
1110000000000000000000000000000111111111
1000011000000111000000111000000111000000
1000101000000000111000000111000000111000
1000110000000000000111000000111000000111
1000000011000111000000000111000000000111
1000000101000000111000000000111111000000
1000000110000000000111111000000000111000
1000000000011111000000000000111000111000
1000000000101000111000111000000000000111
1000000000110000000111000111000111000000
0100100100100000100100100100100100100100
0100100100100000010010010010010010010010
0100100100100000001001001001001001001001
0100010010010100000100010010010001001001
0100010010010010000010001001001100100100
0100010010010001000001100100100010010010
0100001001001100100000001001001010010010
0100001001001010010000100100100001001001
0100001001001001001000010010010100100100
0010100001010100001010000010001100010001
0010100001010010100001000001100010001100
0010100001010001010100000100010001100010
0010010100001100001010001000010010001100
0010010100001010100001100000001001100010
0010010100001001010100010000100100010001
0010001010100100001010010001000001100010
0010001010100010100001001100000100010001
0010001010100001010100100010000010001100
0001100010001100010001100001010000001010
0001100010001010001100010100001000100001
0001100010001001100010001010100000010100
0001010001100100010001001010100010000001
0001010001100010001100100001010001000100
0001010001100001100010010100001100000010
0001001100010100010001010100001001010000
0001001100010010001100001010100100001000
0001001100010001100010100001010010100000

TOTAL NUMBER OF STRONGLY REGULAR GRAPHS = 28

